Filetype: Flipper SubGhz Key File
Version: 1
Frequency: 433920000
Preset: FuriHalSubGhzPresetOok650Async
Lat: 0.000000
Lon: 0.000000
Protocol: Princeton
Bit: 24
Key: 00 00 00 00 00 A5 50 91
TE: 314
Guard_time: 30
